943723
667310
670261
996328
424722
595994
766800
534616
581696
147353
230715
195728
468513
193054
979948
522385
415613
638967
226314
775965
540768
902685
955399
124490
379747
988624
569244
691854
218115
401425
259036
399102
273009
348026
339919
979831
521370
505519
866239
764923
144613
441774
880539
294906
302260
275219
148495
328410
126936
346129
282455
496139
176460
661094
397191
165503
259881
942178
886412
726630
992385
979570
414316
425276
225105
966803
494642
653551
662698
305174
743892
633828
503881
428450
117032
162032
818451
675869
434042
238825
153074
791854
408046
861803
492106
224752
375190
761680
333637
287384
396619
438822
469430
661487
914663
729227
897208
237711
255853
585086
807676
832287
474239
645747
765272
522234
607902
485276
957638
971791
134274
449827
897121
218285
436387
878549
303376
979586
595095
894439
657967
451945
180235
525094
537614
495408
169041
456411
984738
765387
525027
367250
837741
863737
708716
527312
804460
907009
457108
894275
471075
439334
779346
721435
964269
968332
301586
406707
918514
134443
297077
641572
330453
266170
154185
569247
237255
561887
585118
556175
397094
182894
411558
265285
886757
965303
530832
600428
961243
294715
561799
980229
395055
792200
500035
647670
464510
256225
797901
759305
575959
717651
138552
430553
645900
817951
852566
592043
393244
913859
456701
397881
904606
448329
311885
624628
675012
627190
498140
439193